McFarland's (nonidentified) pentafactor model
DA NI=15 NO=1112 NG=1 MA=KM
LA
BD SI DS MR VC AR SS VP IN CD LN FW CO CA PC
KM FU
1.0000000 0.5692764 0.4822107 0.6182575 0.4929626 0.5779850 0.4825817 0.6999220 0.5512431 0.4898774 0.4258000 0.6328158 0.5128114 0.4066939 0.5504953
0.5692764 1.0000000 0.5166730 0.5945016 0.7266256 0.5515748 0.3835310 0.5417668 0.7206883 0.4825587 0.4481321 0.5962594 0.7208477 0.3440686 0.5027016
0.4822107 0.5166730 1.0000000 0.5118472 0.5274430 0.6170586 0.4498503 0.4853285 0.5349492 0.4880641 0.5722512 0.5119835 0.4670913 0.4000642 0.4516746
0.6182575 0.5945016 0.5118472 1.0000000 0.5492341 0.5651709 0.4350982 0.6052350 0.5772691 0.4979167 0.4080002 0.6411143 0.5468249 0.3517217 0.4995423
0.4929626 0.7266256 0.5274430 0.5492341 1.0000000 0.5185992 0.3902186 0.4941389 0.7456008 0.4611438 0.4095050 0.5589989 0.7282060 0.3115158 0.4411280
0.5779850 0.5515748 0.6170586 0.5651709 0.5185992 1.0000000 0.4242495 0.5861336 0.6014744 0.4191522 0.5220732 0.6596132 0.5172648 0.3683189 0.5144743
0.4825817 0.3835310 0.4498503 0.4350982 0.3902186 0.4242495 1.0000000 0.4536546 0.3855383 0.6688119 0.3951781 0.4505149 0.3605239 0.5441796 0.4090438
0.6999220 0.5417668 0.4853285 0.6052350 0.4941389 0.5861336 0.4536546 1.0000000 0.5247362 0.4403104 0.4061701 0.6777566 0.4785605 0.3876413 0.5591918
0.5512431 0.7206883 0.5349492 0.5772691 0.7456008 0.6014744 0.3855383 0.5247362 1.0000000 0.4908153 0.4556314 0.5907450 0.7059060 0.3417985 0.5055332
0.4898774 0.4825587 0.4880641 0.4979167 0.4611438 0.4191522 0.6688119 0.4403104 0.4908153 1.0000000 0.4365638 0.4670181 0.4394942 0.4913500 0.4329386
0.4258000 0.4481321 0.5722512 0.4080002 0.4095050 0.5220732 0.3951781 0.4061701 0.4556314 0.4365638 1.0000000 0.4345667 0.3991865 0.3086978 0.3821793
0.6328158 0.5962594 0.5119835 0.6411143 0.5589989 0.6596132 0.4505149 0.6777566 0.5907450 0.4670181 0.4345667 1.0000000 0.5652383 0.3501045 0.5685076
0.5128114 0.7208477 0.4670913 0.5468249 0.7282060 0.5172648 0.3605239 0.4785605 0.7059060 0.4394942 0.3991865 0.5652383 1.0000000 0.3011208 0.4348967
0.4066939 0.3440686 0.4000642 0.3517217 0.3115158 0.3683189 0.5441796 0.3876413 0.3417985 0.4913500 0.3086978 0.3501045 0.3011208 1.0000000 0.3553095
0.5504953 0.5027016 0.4516746 0.4995423 0.4411280 0.5144743 0.4090438 0.5591918 0.5055332 0.4329386 0.3821793 0.5685076 0.4348967 0.3553095 1.0000000
MO NY=15 NE=8 LY=fu,fr PS=di,fi TE=di,fr
LE
V P WM S g1 g2 g3 g4
PA LY
1 0 0 0 1 1 1 1
0 1 0 0 1 1 1 1
0 0 1 0 1 1 1 1
1 0 0 0 1 1 1 1
0 1 0 0 1 1 1 1
0 0 1 0 1 1 1 1
0 0 0 1 1 1 1 1
1 0 0 0 1 1 1 1
0 1 0 0 1 1 1 1
0 0 0 1 1 1 1 1
0 0 1 0 1 1 1 1
0 0 1 0 1 1 1 1
0 1 0 0 1 1 1 1
0 0 0 1 1 1 1 1
1 0 0 0 1 1 1 1
MA PS
1 1 1 1 1 1 1 1
PD
OU
